1000 338.02
1050 353
1100 366.58
1150 386
1200 403.04
1250 421.84
1300 436.98
1350 455.54
1400 474.12
1450 488.04
1500 506.7
1550 521.72
1600 542.48
1650 552.72
1700 571.66
1750 591.38
1800 604.64
1850 621.96
1900 638.34
1950 660.4
2000 673.04
2050 684.7
2100 708.66
2150 724.08
2200 740.26
2250 757.16
2300 777.48
2350 793.64
2400 812.08
2450 830.38
2500 832.02
2550 863.38
2600 880.44
2650 886.94
2700 919.8
2750 924.32
2800 939.62
2850 961.98
2900 979.62
2950 994.7
3000 1014.18
3050 1027.84
3100 1035.94
3150 1061.58
3200 1077
3250 1088.42
3300 1108.5
3350 1131.66
3400 1146.36
3450 1160.92
3500 1182.5
3550 1202
3600 1205.54
3650 1224.46
3700 1246.66
3750 1260.22
3800 1276.12
3850 1300.88
3900 1324.22
3950 1339.18
4000 1347.36
4050 1352.38
4100 1371.82
4150 1398.68
4200 1415.56
4250 1436.5
4300 1451.86
4350 1465.7
4400 1493.6
4450 1501.06
4500 1512.22
4550 1538.48
4600 1550.44
4650 1564.82
4700 1578.38
4750 1601.02
4800 1613.66
4850 1627.98
4900 1636.7
4950 1672.18
5000 1676.18
