1000 59.48
1050 62.2
1100 66.96
1150 68.44
1200 71.6
1250 75.88
1300 78.44
1350 81.96
1400 85
1450 86.08
1500 91
1550 94
1600 94.88
1650 97.2
1700 101.72
1750 103.28
1800 108.12
1850 110.28
1900 114.92
1950 119.04
2000 117.96
2050 119.64
2100 125.88
2150 130.24
2200 130.52
2250 133.76
2300 137.84
2350 142.24
2400 144.76
2450 147.4
2500 145.28
2550 156.12
2600 153.8
2650 156.36
2700 166.04
2750 163
2800 166.12
2850 168.8
2900 174.16
2950 176.52
3000 177.68
3050 181.96
3100 185.52
3150 188.36
3200 191
3250 195.96
3300 199.44
3350 198.84
3400 204.28
3450 207.64
3500 209.8
3550 211.04
3600 217.28
3650 225.08
3700 221.36
3750 225.04
3800 229.92
3850 232
3900 231.64
3950 240.04
4000 240.28
4050 242.48
4100 246.48
4150 249.32
4200 252.76
4250 255.72
4300 259.72
4350 263.52
4400 265.28
4450 264.4
4500 269.84
4550 273.84
4600 275.72
4650 280.08
4700 282.12
4750 284.92
4800 285.44
4850 286.52
4900 293.8
4950 301.72
5000 296.48
