1000 22.86
1050 23.02
1100 23
1150 24.38
1200 24.92
1250 26.26
1300 26.96
1350 28.44
1400 28.22
1450 28.3
1500 28.42
1550 31.04
1600 31.52
1650 32.36
1700 32.64
1750 32.04
1800 32.96
1850 33.94
1900 34.1
1950 35.9
2000 35.92
2050 35.32
2100 36.44
2150 40.12
2200 39.92
2250 40.16
2300 41.46
2350 42.46
2400 42.12
2450 41.46
2500 40.26
2550 44.96
2600 44.14
2650 45.06
2700 45.28
2750 48.28
2800 44.24
2850 48.08
2900 49.36
2950 48.36
3000 48.36
3050 51.54
3100 52.72
3150 52.2
3200 52.78
3250 53.94
3300 54.8
3350 54.22
3400 56.66
3450 55.18
3500 55.76
3550 56.46
3600 56.98
3650 58.38
3700 59.48
3750 59.04
3800 59.72
3850 59.68
3900 58.9
3950 63.68
4000 64.46
4050 63.08
4100 62.62
4150 65.44
4200 64.86
4250 66.04
4300 65.78
4350 65.42
4400 67.68
4450 66.58
4500 68.02
4550 69.6
4600 69.34
4650 67.34
4700 70.22
4750 72.26
4800 72.98
4850 71.56
4900 71.86
4950 73.3
5000 75.14
