1000 29.74
1050 31.1
1100 33.48
1150 34.22
1200 35.8
1250 37.94
1300 39.22
1350 40.98
1400 42.5
1450 43.04
1500 45.5
1550 47
1600 47.44
1650 48.6
1700 50.86
1750 51.64
1800 54.06
1850 55.14
1900 57.46
1950 59.52
2000 58.98
2050 59.82
2100 62.94
2150 65.12
2200 65.26
2250 66.88
2300 68.92
2350 71.12
2400 72.38
2450 73.7
2500 72.64
2550 78.06
2600 76.9
2650 78.18
2700 83.02
2750 81.5
2800 83.06
2850 84.4
2900 87.08
2950 88.26
3000 88.84
3050 90.98
3100 92.76
3150 94.18
3200 95.5
3250 97.98
3300 99.72
3350 99.42
3400 102.14
3450 103.82
3500 104.9
3550 105.52
3600 108.64
3650 112.54
3700 110.68
3750 112.52
3800 114.96
3850 116
3900 115.82
3950 120.02
4000 120.14
4050 121.24
4100 123.24
4150 124.66
4200 126.38
4250 127.86
4300 129.86
4350 131.76
4400 132.64
4450 132.2
4500 134.92
4550 136.92
4600 137.86
4650 140.04
4700 141.06
4750 142.46
4800 142.72
4850 143.26
4900 146.9
4950 150.86
5000 148.24
