1000 97.94
1050 103.3
1100 110.14
1150 112.28
1200 118.96
1250 125.8
1300 129.24
1350 135.42
1400 140.74
1450 142.36
1500 151.04
1550 155.22
1600 156.42
1650 161.16
1700 168.28
1750 171.58
1800 179.52
1850 181.96
1900 189.46
1950 195.98
2000 195.14
2050 198.88
2100 206.72
2150 214.9
2200 216.68
2250 221.98
2300 228.64
2350 234.66
2400 239.64
2450 244.32
2500 239.96
2550 257.42
2600 254.56
2650 260.96
2700 274.36
2750 267.9
2800 274.72
2850 278.12
2900 289.34
2950 292.8
3000 294
3050 299.12
3100 306.58
3150 312.58
3200 315.2
3250 322.76
3300 331.32
3350 327.38
3400 338.2
3450 342.28
3500 346.86
3550 348.06
3600 359.44
3650 371.36
3700 366.82
3750 372.42
3800 380.62
3850 383.22
3900 384.1
3950 397.98
4000 397.38
4050 401.04
4100 409.06
4150 412.88
4200 418.9
4250 422.96
4300 430.36
4350 434.34
4400 438.88
4450 438.5
4500 445.86
4550 453.38
4600 456.14
4650 464.36
4700 468.2
4750 469.44
4800 471.52
4850 474.34
4900 484.3
4950 497.72
5000 491.58
