1000 38.46
1050 41.1
1100 43.18
1150 43.84
1200 47.36
1250 49.92
1300 50.8
1350 53.46
1400 55.74
1450 56.28
1500 60.04
1550 61.22
1600 61.54
1650 63.96
1700 66.56
1750 68.3
1800 71.4
1850 71.68
1900 74.54
1950 76.94
2000 77.18
2050 79.24
2100 80.84
2150 84.66
2200 86.16
2250 88.22
2300 90.8
2350 92.42
2400 94.88
2450 96.92
2500 94.68
2550 101.3
2600 100.76
2650 104.6
2700 108.32
2750 104.9
2800 108.6
2850 109.32
2900 115.18
2950 116.28
3000 116.32
3050 117.16
3100 121.06
3150 124.22
3200 124.2
3250 126.8
3300 131.88
3350 128.54
3400 133.92
3450 134.64
3500 137.06
3550 137.02
3600 142.16
3650 146.28
3700 145.46
3750 147.38
3800 150.7
3850 151.22
3900 152.46
3950 157.94
4000 157.1
4050 158.56
4100 162.58
4150 163.56
4200 166.14
4250 167.24
4300 170.64
4350 170.82
4400 173.6
4450 174.1
4500 176.02
4550 179.54
4600 180.42
4650 184.28
4700 186.08
4750 184.52
4800 186.08
4850 187.82
4900 190.5
4950 196
5000 195.1
