1000 5.12
1050 5.82
1100 5.64
1150 5.64
1200 6.58
1250 6.88
1300 6.82
1350 7.36
1400 7.66
1450 7.86
1500 8.64
1550 8.38
1600 8.22
1650 8.8
1700 8.92
1750 9.66
1800 10.04
1850 9.76
1900 9.84
1950 10.26
2000 10.54
2050 10.86
2100 10.66
2150 11.52
2200 12.2
2250 12.5
2300 12.72
2350 12.44
2400 13.3
2450 13.32
2500 12.86
2550 13.5
2600 13.98
2650 15.34
2700 14.62
2750 13.64
2800 14.78
2850 14.42
2900 16.62
2950 16.2
3000 15.8
3050 15.06
3100 16.5
3150 17.6
3200 16.64
3250 17.12
3300 18.54
3350 16.76
3400 18.32
3450 18.04
3500 18.48
3550 18.3
3600 19.56
3650 20.16
3700 20.14
3750 20.3
3800 20.72
3850 20.48
3900 21.42
3950 21.62
4000 21.6
4050 21.8
4100 22.9
4150 22.52
4200 22.76
4250 23.28
4300 23.52
4350 22.56
4400 23.98
4450 24.1
4500 23.86
4550 24.56
4600 24.86
4650 25.86
4700 26.06
4750 24.44
4800 25.46
4850 25.78
4900 25.42
4950 26.34
5000 27.56
