1000 88.62
1050 93.32
1100 97.58
1150 94.32
1200 96.34
1250 92.26
1300 93
1350 94.44
1400 100.48
1450 104.26
1500 106.74
1550 100.98
1600 100.44
1650 97.78
1700 104.08
1750 104.76
1800 116.3
1850 102.56
1900 111.66
1950 102.94
2000 112.2
2050 112.18
2100 110.34
2150 110.02
2200 106.38
2250 115.82
2300 108.86
2350 112.68
2400 113
2450 113.2
2500 116.88
2550 118.8
2600 120.98
2650 119.68
2700 114.38
2750 116.82
2800 118.64
2850 118.14
2900 113.4
2950 125.8
3000 122.94
3050 118.2
3100 119.66
3150 119.16
3200 115.4
3250 120.06
3300 116.78
3350 118.82
3400 118.88
3450 124.88
3500 118.76
3550 123.3
3600 125.24
3650 129.58
3700 125.6
3750 123.9
3800 130.8
3850 126.32
3900 133.16
3950 131.88
4000 126.56
4050 130.14
4100 130.02
4150 125.52
4200 125.14
4250 127.1
4300 124.02
4350 127.94
4400 129.94
4450 130.96
4500 130.22
4550 129.46
4600 134.02
4650 127.78
4700 131.52
4750 135.2
4800 134
4850 132.14
4900 132.9
4950 139.64
5000 130.3
