1000 4.12179
1050 4.5943
1100 3.43636
1150 4.17938
1200 3.61006
1250 4.05686
1300 3.8578
1350 3.86503
1400 4.192
1450 5.44243
1500 4.59524
1550 4.47759
1600 4.66796
1650 4.40144
1700 5.21794
1750 5.12187
1800 4.55649
1850 4.54761
1900 5.15119
1950 5.07072
2000 6.70834
2050 4.77329
2100 6.31958
2150 6.70086
2200 5.19081
2250 6.18309
2300 5.38658
2350 5.79257
2400 5.34082
2450 6.5175
2500 5.46567
2550 5.62904
2600 6.84182
2650 4.92146
2700 7.01087
2750 5.84731
2800 5.22075
2850 6.84199
2900 5.49097
2950 6.74848
3000 6.94908
3050 5.9174
3100 5.98258
3150 7.48751
3200 6.631
3250 6.56987
3300 5.92481
3350 6.4916
3400 5.56291
3450 6.46113
3500 6.98394
3550 7.31819
3600 7.8608
3650 8.59138
3700 7.66517
3750 6.61862
3800 7.0083
3850 6.58564
3900 6.99959
3950 6.95856
4000 5.99788
4050 6.63977
4100 7.33538
4150 7.82515
4200 8.28037
4250 8.58046
4300 6.56178
4350 8.03961
4400 7.42361
4450 7.4271
4500 7.31276
4550 7.19204
4600 8.46014
4650 7.73021
4700 7.76622
4750 8.57373
4800 7.53522
4850 8.15852
4900 9.437
4950 8.65203
5000 8.47912
