1000 32.3
1050 35.08
1100 37.78
1150 35.7
1200 33.74
1250 30.3
1300 35.5
1350 34.62
1400 36.1
1450 37.7
1500 40.72
1550 37.42
1600 37.4
1650 36.58
1700 38.14
1750 39.08
1800 42.84
1850 40.14
1900 41.44
1950 38.6
2000 36.4
2050 38.02
2100 39.2
2150 43.18
2200 40.94
2250 43
2300 39.32
2350 42.56
2400 42.5
2450 39.94
2500 43.98
2550 41.26
2600 45.98
2650 41.46
2700 43.26
2750 41.08
2800 42.34
2850 44.78
2900 40.6
2950 42.92
3000 47.7
3050 43.66
3100 42
3150 42.44
3200 38.96
3250 44.48
3300 42.5
3350 42.62
3400 43.26
3450 45.76
3500 41.74
3550 42.76
3600 43.6
3650 48.12
3700 45.04
3750 41.8
3800 47.62
3850 45.4
3900 47.98
3950 45.8
4000 45.06
4050 44.76
4100 47.16
4150 47.08
4200 45.92
4250 43.7
4300 45.34
4350 46.88
4400 45.26
4450 47.74
4500 45.36
4550 45.62
4600 49.36
4650 50.36
4700 46.94
4750 47.18
4800 46.32
4850 48.54
4900 45.46
4950 46.9
5000 47.56
